1
2
3
4
6
7
8
9
10
11
12
14
24
36
45
48
60
70
72
84
108
216
228
249
250
251
253
264
304
312
316
322
328
329
331
336
340
344
348
356
357
358
359
363
389
394
396
408
420
429
430
431
432
444
468
480
492
504
540
564
580
588
671
672
696
720
732
756
768
804
840
852
864
876
888
900
936
948
981
982
983
984
996
1001
1007
1020
1029
1030
1031
1032
1035
1036
1037
1038
1044
1048
1049
1050
1051
1054
1055
1056
1068
1071
1072
1073
1075
1080
1085
1086
1088
1092
1093
1116
1140
1147
1148
1149
1150
1151
1188
1200
1201
1202
1212
1217
1219
1224
1230
1231
1232
1233
1234
1239
1248
1260
1266
1272
1320
1332
1344
1368
1416
1428
1452
1464
1488
1512
1524
1560
1572
1584
1596
1608
1620
1632
1635
1636
1637
1641
1645
1656
1661
1668
1680
1681
1692
1704
1716
1728
1740
1752
1764
1776
